0000
0000
0000
0000
0000
0000
0000
0000
0001
0000
0000
0000
0001
0002
0000
0000
0001
0001
0000
0000
0001
0002
0000
0002
0002
0000
0007
0006
0003
0002
0002
0000
0000
0000
0001
0003
0001
0000
0001
0001
0001
0001
0004
0003
0002
0003
0000
0001
0001
0007
0008
0005
0008
0000
0004
0004
0002
000e
000b
000a
0013
000b
0006
0005
0001
0004
0005
0000
0001
0002
0008
0011
0017
000e
000f
0015
0008
0000
0007
000b
0008
000f
0008
0000
0009
0012
000b
0003
0007
0008
0006
0006
001d
0013
0005
0007
0005
0008
000e
0004
000a
0012
0011
000d
0004
000a
0009
0000
0003
0006
0003
0000
0000
0005
0012
0006
0003
0015
0017
0005
0008
0017
000d
0005
000d
0032
0026
0014
0057
003e
000d
0014
000e
0003
0002
000b
0006
0003
000d
0006
0000
0003
0020
003e
0013
0006
000f
000a
0001
0022
002d
0007
0005
0017
001f
000e
0006
0010
0023
001d
000a
000a
0000
0025
0052
0037
0012
0008
000b
0014
0009
0002
0015
000b
0013
000e
0001
000a
000c
003c
003f
003e
003d
0018
0007
0003
0003
0009
0011
0007
0000
0009
000b
000a
0004
000c
0009
0003
0012
002e
002b
0005
0005
0006
0013
001e
0006
0001
0005
000d
000c
0002
0004
000c
0011
0009
000a
000c
0019
0028
0013
0000
000d
001e
0027
001e
000b
0007
0006
0003
000a
000a
0001
0005
0000
0018
0025
0017
002b
0016
0004
0002
0000
0000
0006
000d
0000
0004
0002
0000
0002
0007
0002
0002
0006
0001
0001
0016
0042
0037
0018
000e
0013
0016
0011
000b
0001
0003
0004
0001
0004
0017
001d
0030
003f
0040
002a
000f
000b
0001
000a
0023
0022
0010
000f
0012
0010
0014
0019
0010
000c
0016
0020
0010
0001
0006
0001
0007
0011
000a
0009
0009
000a
0003
0003
000a
0003
0004
0008
0002
0003
0004
0013
0022
0014
000c
0007
0012
0006
0018
0031
0013
001d
000d
001e
0020
000e
0012
0001
0003
0001
0002
0003
0003
000f
001d
0008
0001
0004
000f
001d
0009
0000
0000
0006
0004
000b
001c
0007
0001
0002
0001
0004
0008
0001
0001
0001
0003
000a
0009
0004
0000
0000
0000
0001
0001
0002
0001
000c
0004
0000
0000
0004
0006
0001
0000
0001
0002
0000
0002
0005
0004
0006
0002
0000
0002
0002
0000
0000
0001
0001
0002
0001
0000
0000
0001
0000
0000
0000
0000
0001
0001
0000
0000
0000
0000
0000
0000
0001
0002
0004
0002
0001
0001
0000
0000
0000
0001
0001
0000
0001
0001
0001
0001
0000
0003
0003
0000
0000
0000
0001
0002
0001
0001
0000
0000
0000
0000
0001
0002
0003
0001
0002
0006
0004
0003
0002
0000
0000
0000
0000
0001
0002
0001
0000
0000
0000
0000
0000
0001
0001
0000
0000
0000
0000
0000
0000
0000
0001
0000
0000
0000
0000
0001
0003
0001
0000
0001
0000
0000
0000
0000
0000
0000
0001
0000
0000
0000
0000
0000
0000
0000
0000
0000
0000
0000
0000
0001
0002
0001
0000
0000
0000
0000
0000
0003
0005
0002
0000
0000
0001
0000
0000
0000
0000
0000
0000
0000
0000
0001
0004
0003
0000
0001
0000
0001
0001
0000
0000
0000
0000
0002
0001
0000
0000
0000
0001
0001
0000
0000
0000
0000
0000
0000
0001
0001
0001
0000
0000
0000
0000
0001
0000
0000
0000
0000
0000
0000
0001
0001
0001
0001
0000
0000
0000
0001
0001
0001
0001
0001
0000
0000
0000
0000
0001
0001
0000
0000
0000
0000
0001
0000
0000
0000
0000
0000
0000
0001
0001
0000
0000
0001
0000
0000
0000
0000
0000
0000
0000
0000
0000
0000
0000
0000
0000
0000
0000
0000
0000
0000
0000
0000
0000
0000
0001
0000
0001
0001
0000
0001
0001
0000
0000
0000
0000
0000
0000
0000
0000
0000
0000
0000
0000
0000
0000
0000
0001
0001
0001
0000
0000
0001
0001
0001
0001
0000
0000
0000
0000
0000
0001
0001
0000
0000
0000
0001
0001
0000
0000
0000
0000
0001
0000
0001
0000
0000
0000
0000
0000
0000
0000
0000
0000
0000
0001
0001
0000
0000
0000
0000
0000
0000
0000
0000
0001
0002
0001
0000
0000
0000
0000
0001
0001
0000
0000
0002
0004
0000
0002
0000
0003
0004
0000
0003
0000
0005
000b
000e
0007
0002
0007
0000
0007
0002
0000
0000
0006
0006
0013
000d
000a
0013
0004
0002
0000
0000
0007
0015
0025
0022
0011
002b
0013
0012
000b
0001
0007
0010
000f
000b
001c
0010
0051
003a
0021
0020
0009
0007
0001
0000
000d
002f
001c
000d
001e
0021
0009
0005
0004
0001
0002
0001
000b
0024
0021
000d
0017
0005
000b
0010
0003
0013
000d
000b
0019
001d
0015
002f
0029
001f
003d
0031
0034
0084
004c
0017
0014
0013
001a
000f
0023
001f
0042
0038
0047
005d
0075
0051
0020
002a
0006
0013
000f
000a
002f
0023
001a
0013
0006
0003
0004
0007
0007
0012
0041
0026
0006
0061
005f
0012
0004
0000
0012
001d
003a
002f
0012
000a
0015
003d
0023
0005
000b
001a
0019
0016
0018
0001
001a
0034
0028
0033
002b
0032
0010
0006
001d
0027
0043
001f
0000
001b
0028
006b
0085
002c
0000
001f
0040
003c
0046
0043
001e
000b
0003
0001
0009
0005
0005
0021
005b
0032
0028
00b1
00cc
0074
005f
0059
0020
0061
0047
0001
0019
000f
0010
002f
000b
0070
0090
0048
0053
0036
001e
0021
006d
0011
0035
0036
0012
000e
002a
0054
004b
005f
001e
0001
000c
002a
001b
0091
0119
00ca
0097
0055
0042
00bb
0096
0016
0034
0077
005a
001d
0008
001a
0015
000c
001e
0009
000a
0053
0102
00a4
004a
00c2
00c1
00b9
0086
008f
007f
003a
0063
008e
006e
002f
007d
00c2
005f
00aa
0077
000e
0000
0003
000c
004b
0018
0040
00a8
003a
0032
0019
0006
0020
0010
003f
00bf
0036
0022
0044
0051
0022
0015
0029
0017
006e
0019
0017
0050
004d
0022
005c
00b6
007e
0043
00af
011d
00f5
009e
00cf
007c
001b
001c
0006
0007
0007
0011
0041
0008
004a
00c3
0082
004a
003d
00cb
00eb
0038
0086
010e
00e0
0132
012f
00c5
009b
004e
001b
0019
000e
0024
00c9
00c0
0057
0025
000b
0046
0020
0008
004f
003a
003a
003e
008b
010d
0066
0025
0016
0002
0011
002d
002a
00a9
00b7
0071
0086
007c
0057
0027
004e
0030
0060
0048
0000
000f
0008
0005
0002
0013
003a
004b
001b
0001
0013
001f
001a
0008
0000
0028
0057
0026
0027
0029
0012
0025
001c
0005
0003
0000
0049
00a8
0063
0035
0008
0018
0006
0013
002a
0045
0008
0018
0013
000b
001e
0008
0012
000a
0071
0073
0029
0049
0061
003e
001c
0020
0031
0016
000b
0039
0031
000a
002e
003c
0016
0045
0042
0041
0005
0059
00be
005e
0026
00f0
00d2
0018
004f
0027
003d
0035
0041
0041
0029
0019
0008
005a
0035
0015
000d
0017
0021
0016
006d
0063
0050
0056
006b
0033
0032
002f
0003
0016
000c
0003
0033
0045
0029
000b
0008
0009
000e
001e
0035
000a
0016
001a
000e
0051
0023
0006
0056
00a4
0037
0004
000a
000b
0017
003a
0080
001b
0080
0084
0026
0075
0051
0006
0011
0055
0058
0026
00ca
00d5
0074
00f8
00db
00fe
00a4
0002
0023
0010
0004
001a
0085
004f
001c
00d2
0056
003c
00ca
00a9
0047
0000
0017
0006
0004
0007
0048
003b
0007
0019
0036
002d
0020
0057
0067
0046
0066
011f
016a
0091
00ca
00f6
0031
003b
0070
0021
001d
0075
005b
003e
002a
000a
007f
006c
0040
0064
0013
0047
0046
0010
001d
000a
007a
009f
0057
00a0
0072
00ad
009b
000d
0012
0007
0037
003a
0010
0019
0003
0015
0007
0024
0055
0057
00b3
00ae
0060
009c
0061
0012
000a
0000
000e
0021
0016
0012
00c2
0090
0020
005e
0016
001a
0013
0010
004d
0064
0015
0061
00aa
005d
000e
001b
004c
0047
0024
000a
000a
0013
002f
003f
0026
0020
0000
0037
003a
0016
0041
003d
003e
0021
000c
001b
0034
0036
001f
002b
0045
0023
0003
0003
0006
000d
0020
000d
0007
0004
0000
0003
0002
0018
005c
006d
0024
003c
005e
0078
0043
000a
0045
004f
0049
000b
0033
0082
0076
004f
0028
0048
0047
0017
0001
0002
0005
0019
0007
0005
0012
0023
0007
0050
00a7
005f
0059
002f
0004
0008
0002
000f
0024
0018
002b
0037
0018
0048
0009
0082
00cc
0026
0087
0039
0054
0096
000d
0013
000d
0005
0014
0001
0012
0022
0026
0065
007b
0035
0043
0052
0018
0022
0015
0024
0026
002c
0060
0026
0001
0002
0004
0001
001e
000d
000a
001a
0005
0035
003d
0015
0005
0013
002b
0012
0016
0049
0081
006e
002f
006c
008e
0065
005d
0060
00aa
00c0
002a
002c
002e
0007
0010
0013
003a
002e
0038
003a
0024
0026
003f
0077
0106
01a3
0125
0073
00b8
0019
004e
0061
0001
0043
0018
0031
001f
0008
006d
0076
0009
0051
00f3
00d9
0073
0032
0128
0116
0031
002c
0069
0089
0039
0028
0076
002c
001a
0089
0047
0004
0021
007b
004c
0021
0083
0038
0011
0080
003b
0001
002f
003e
001c
0008
0012
0013
001f
0016
001f
0064
0040
0053
0039
0000
0007
0007
0011
0000
0007
0010
001d
000d
0000
0000
001c
0076
0093
0086
004f
0017
0000
002f
005a
000d
0047
0028
0023
0057
0026
0009
0034
0077
0069
0026
0054
00cd
00c0
008e
008a
0095
0066
0037
0022
0009
0021
002d
0016
0003
0017
0045
005c
0024
0004
0015
0000
0021
000c
0028
00d7
00c6
0090
00e0
008d
0035
00d7
00d1
0039
0025
0033
0054
0031
000e
0002
000c
0025
0008
0059
00c1
00a6
007a
0024
0007
0001
0006
0003
0062
005f
0035
008b
014b
0202
00ed
00c9
00ea
003c
0001
0008
0014
0016
0039
0021
0008
0000
000d
000b
000f
000e
0012
001d
0007
0017
005e
002a
0005
0024
001c
000b
0005
0014
0028
001b
001a
0061
006d
001e
0012
0036
0039
000e
002c
000c
003e
00b4
0052
0017
001e
0006
0001
0000
0002
0008
0001
0000
001b
0042
0034
006c
0077
003b
0032
0005
0012
0008
0051
00ce
0085
001b
0052
007b
0034
0077
0071
0042
0098
0045
0010
002e
0002
001e
0076
0062
007f
018c
00f9
00c3
00c0
0031
002b
000a
0024
000c
0005
0003
001f
002d
002d
004e
0093
0014
005f
0061
0008
0030
0006
000b
001b
0063
005b
0030
000d
0009
000b
0023
0042
0041
0099
0074
0011
0019
000b
0000
000a
0012
000e
0026
004a
0010
0039
0028
0013
0086
00d5
013f
008c
0044
00c0
00cf
003a
003e
00cd
0048
005d
00ba
0010
002a
0022
0063
004c
0018
0070
0040
00a9
0120
0105
007f
00b2
012a
0054
002b
0079
0033
0031
0072
0069
002a
0043
0036
0000
000e
002c
00a9
0094
00ad
0163
0219
01b3
010b
0105
00dd
010f
0062
000b
0058
003e
001d
000b
0002
0042
0070
00a8
010f
00ed
00e9
00af
001a
0019
0028
0019
0012
001b
008c
0164
01b7
015d
00b0
0071
0035
008b
00ac
0022
0029
0015
0019
001e
004a
007c
0034
003e
0064
0058
00b2
0086
001c
005d
0002
0063
0060
006c
00b6
0028
0070
0057
0008
0005
001e
002c
0021
0017
0028
001f
0019
0012
0006
0027
005f
00a9
004c
0017
0059
006c
0057
0017
000e
0017
0026
001f
0003
0003
0002
0002
0016
001a
0007
000b
0005
0024
0046
0018
0001
0014
0014
0021
004a
0029
0040
0047
0020
0032
0024
000d
0001
0004
0028
0044
001d
0003
0000
0001
0002
0001
001a
0070
0049
001b
001f
006d
007b
0024
008a
0054
000d
0047
0038
0037
0027
0028
0043
001a
0003
002a
002f
0084
00b5
0082
00b1
009a
003d
004a
004a
001a
0020
0031
002f
002c
000f
0002
000d
0006
0005
0001
0005
000d
0007
000e
0003
0022
0027
0002
001a
000e
0027
0041
0027
0009
0000
0008
001b
002e
0027
001e
0018
0000
0010
000a
0006
001d
000b
0001
0006
0002
0002
0001
0003
0014
0016
0007
0000
0004
0007
0017
000b
0001
0009
0003
0000
0012
001d
0009
0019
001f
0008
0014
0023
003f
003a
0032
003c
0069
0030
0048
0045
0018
0022
003d
0067
0033
0012
0003
0033
0020
001b
0045
0018
0032
001a
0012
002c
0017
001c
0028
003c
0056
0019
0013
000d
0007
0012
0008
000a
0017
000a
0009
0012
0009
000d
0001
0008
0007
000a
0010
0029
001f
0004
0004
0002
0008
0000
0002
0003
0003
0002
0001
0000
0002
0005
0007
0005
0002
0000
0000
0000
0000
0000
0000
0000
0000
0000
0001
0001
0000
0000
0000
0002
0000
0000
0000
0000
0000
0000
0000
0000
0000
0000
0000
0000
0000
0000
0000
0000
0000
0000
0000
0000
0000
0000
0000
0000
0000
0000
0000
0000
0000
0001
0001
0000
0000
0000
0001
0000
0000
0001
0000
0000
0000
0000
0000
0000
0001
0001
0000
0001
0002
0001
0000
0000
0000
0000
0000
0000
0000
0000
0000
0001
0001
0000
0000
0000
0000
0000
0002
0002
0000
0000
0000
0000
0000
0000
0000
0000
0000
0000
0000
0000
0000
0000
0000
0000
0000
0000
0000
0000
0001
0000
0000
0000
0000
0000
0000
0000
0000
0001
0000
0000
0000
0000
0001
0001
0000
0001
0001
0000
0000
0000
0000
0000
0000
0000
0000
0000
0000
0001
0002
0001
0000
0000
0000
0001
0001
0000
0000
0000
0000
0000
0000
0000
0001
0000
0000
0000
0000
0000
0000
0000
0000
0000
0000
0000
0000
0000
0000
0000
0000
0000
0000
0000
0000
0000
0000
0000
0000
0001
0001
0000
0001
0002
0000
0000
0000
0000
0000
0001
0001
0001
0000
0000
0000
0001
0000
0000
0000
0000
0000
0000
0000
0000
0000
0001
0001
0000
0000
0000
0000
0000
0000
0001
0002
0000
0000
0001
0000
0000
0000
0000
0000
0000
0000
0000
0000
0000
0000
0000
0000
0001
0001
0000
0000
0000
0000
0001
0000
0000
0000
0000
0000
0000
0001
0001
0000
0000
0000
0000
0000
0000
0000
0000
0000
0000
0000
0000
0000
0001
0001
0001
0001
0000
0001
0000
0001
0002
0000
0000
0001
0000
0000
0000
0000
0000
0000
0000
0000
0000
0000
0000
0000
0000
0000
0002
0002
0000
0000
0000
0001
0000
0000
0000
0000
0000
0000
0000
0000
0000
0002
0004
0001
0000
0000
0000
0001
0000
0000
0000
0002
0002
0000
0000
0000
0000
0003
0003
0000
0000
0001
0008
0004
0000
0000
0000
0000
0000
0000
0001
0002
0004
0002
0000
0005
0013
000b
0003
0008
0008
0008
0001
0000
0000
0007
0008
0005
0005
0003
0007
0012
0011
0007
0005
0008
000b
000a
0005
0000
0004
0008
000c
000e
000e
000a
0001
0008
000b
0000
001b
0025
000b
0001
0007
0004
0002
0015
0013
000d
0007
0002
0008
0002
0007
0008
0008
0021
0022
0009
0002
001b
001b
0006
0004
0008
0010
0006
0001
0006
0005
0008
0008
0004
0001
0000
0005
0010
0010
0004
0000
000a
0012
000d
0000
0005
0015
002a
0010
000b
002e
0034
002f
000b
0023
002e
000d
0006
0002
0007
0004
0055
005a
002c
0064
0026
0009
0024
0007
001a
0018
0001
0002
0011
001a
0009
0001
000f
0008
0001
0005
0001
0002
0002
001c
0017
0002
0004
0000
0003
0008
0006
000b
000b
0012
0011
0014
0013
0000
0015
0013
0014
0010
0019
0009
0003
0006
000b
0035
0014
0001
0014
002d
0022
0009
000f
001a
0007
000b
002a
0014
0042
0053
000a
0015
002c
000c
0002
001d
0062
0044
0002
003e
0034
0002
0003
0000
0001
000c
0026
000a
0005
0012
0008
0001
000e
0003
0016
004a
0038
0014
0006
001a
000e
0000
0001
0008
0020
0017
0002
0021
0025
0014
0002
0030
004d
000e
000f
0042
0042
0021
0019
0025
0019
000d
001b
004e
0044
000a
0006
002a
0040
0008
001a
0031
0011
001e
0033
001f
0023
001a
0001
0022
0031
001c
0018
0025
0029
001c
0012
000a
000e
0029
0034
0022
001a
001a
0019
0024
002d
0022
0019
0024
001f
0022
0027
001b
0024
000e
0044
0038
001c
0014
0011
0008
0012
002a
001e
0016
0011
0003
001f
0057
0027
000f
008b
003b
0020
003e
001a
0051
0020
001b
001e
0015
0019
0001
0008
000e
0000
001e
002e
0015
000d
0013
0010
000a
0009
0007
000a
0007
0005
0024
0023
002e
001a
0021
003e
001c
000b
0009
0021
0057
002e
001f
007e
0066
000a
000e
0013
001a
0023
000e
0017
0019
000b
0006
0006
0015
0033
000c
0021
0055
000f
0008
000d
000b
0028
003a
002c
0021
0022
0007
0024
001b
0003
0010
002d
0014
0016
0066
0023
0008
0012
0003
0028
003a
0011
0009
001b
0056
0069
000d
0032
0014
0012
0035
0006
0018
0002
0039
0070
000b
0054
0069
0001
000d
0015
0071
003c
000d
0059
00c1
00ce
004d
0025
0010
0000
000c
0072
00a3
001d
0018
0041
0005
000d
0004
000f
001d
0018
001b
000b
0003
0003
0004
0014
002c
001f
0013
0007
0007
001d
0025
0015
0015
000a
0000
0000
000c
000a
000e
0047
0032
000a
0007
001e
001c
0019
0007
0018
0045
000e
0012
0053
0031
0006
0014
0028
0013
0007
0023
001b
0003
001c
0053
000d
0015
003e
0083
008c
001d
0008
000a
0001
000d
0008
001e
0013
000b
0035
001e
000b
0001
000c
0025
0025
0029
0016
0016
0037
002a
0017
0013
0003
002c
005f
0022
0018
0096
0038
000a
0021
0007
000d
000d
002c
0017
0001
0005
0018
0008
0009
0020
0005
0027
0035
001d
0020
0003
0001
001b
008e
004c
0002
0019
000e
0050
0010
0043
0050
0021
0028
0006
0047
0034
0004
0001
001e
0031
0004
0025
003c
0014
0002
0002
0023
0043
0013
0007
0009
001b
0028
0002
0048
004a
0036
000f
0007
0006
0051
006d
000e
0003
0004
0064
0083
0037
0027
0019
0001
0016
003c
0024
001e
0013
0004
0008
0007
0000
0013
0022
000a
0001
0017
002f
0013
0004
0008
0001
0009
001c
0007
0006
001a
0022
0003
002a
004d
0016
001b
000e
002e
0026
000f
009a
00b4
0020
001d
002b
0003
0006
0001
0003
0008
000e
0018
0018
000d
0001
0003
0008
0005
0009
0029
004a
000b
003f
007c
0011
0018
001d
000f
006c
0045
0000
0022
000c
0009
0019
0005
0007
0004
003f
0052
0027
0041
001f
0004
001b
0040
003b
0032
002b
003a
0047
0014
0022
0071
0059
002b
0025
0021
0022
0042
004a
0028
0011
0013
0021
0027
002a
001c
001a
001c
0004
000e
0022
001c
0033
000e
0008
0023
0014
0001
0016
002b
0003
0010
0019
0000
0013
0027
002a
004d
0053
0023
0040
0048
0008
0004
0002
0007
0015
003c
0028
0003
0003
000b
0020
0028
0009
0022
003d
000b
0005
0007
0017
0010
0013
0018
0003
0002
0005
0027
0012
0016
001e
0004
0022
0004
002c
0025
0002
0007
000a
002a
004d
0018
0007
0011
0001
000e
0005
0005
0016
0023
0028
0014
0006
0048
0062
0027
0010
0024
0017
002b
0033
000b
0008
001e
0002
0019
0021
0002
0038
002d
0011
0004
0010
0013
0004
0021
0006
0039
0020
000c
002b
0005
0017
003e
0018
0010
0036
006e
0095
0040
0010
001c
0013
0009
0009
003d
0038
000d
0008
0007
000b
000c
0017
0040
001a
0000
0005
0002
0015
001a
0019
0003
0024
0039
000d
000a
000b
0013
000a
0006
000b
0007
004c
0060
001f
0005
0003
0003
0001
0013
0038
0017
0014
0026
0024
009b
0077
0049
004c
002d
0020
001a
0022
0017
0004
0013
001d
0010
0057
005d
0038
0051
000e
0023
0033
0006
000b
002d
0011
000b
0026
0002
0021
000a
000a
0024
001e
0020
003a
0029
0003
0015
0062
0047
0000
0040
0041
0014
0015
002f
0023
0003
0005
0005
0013
0009
002e
0037
004b
003b
0001
0009
0002
0010
000e
0000
0002
0021
0038
0004
0023
0036
001d
0018
000b
0007
000a
0008
0001
0001
0004
0011
0017
000d
001c
002b
0006
0018
0034
000b
004e
004a
002b
0038
0034
005b
001a
0022
0036
0026
0047
0040
0029
0025
003b
0022
0009
003d
002b
0005
005b
007c
0014
0040
001e
0009
002b
0013
000c
001a
0023
0000
0029
002e
0008
0002
0005
001c
0071
0053
0007
000b
0003
001f
004e
0059
0031
0002
000a
0002
003b
0070
0043
000b
0016
001f
0008
0076
0062
0045
0037
0006
0052
0028
0000
0004
0018
001c
0000
0024
001f
0004
0003
0011
005f
003d
0004
001d
0027
0004
0006
0005
000e
0008
0005
001a
0008
000d
0024
0011
0001
0011
0002
002e
0023
000a
0043
002b
0007
0000
0004
0012
0011
0005
0006
0002
0001
0011
0013
0006
000e
0002
0002
0007
000f
0008
0002
0009
0002
0013
003a
000c
000f
000d
001c
0081
003b
0002
0016
0004
0011
001e
0014
0002
0012
0026
0004
0018
0041
0008
0032
0057
000b
000b
000c
0003
0004
003c
0041
0016
0012
0026
005a
0022
0000
0003
001d
000c
0011
002e
0006
002b
0019
0007
0002
0001
000c
0036
0052
0045
0023
0014
0031
0049
003c
0022
0037
0059
004f
0018
0011
0042
0021
0001
0024
002e
000d
0001
000c
0009
0015
0031
001f
0008
0051
007d
004b
0026
001a
001c
000e
0003
000a
0024
005b
004d
000a
0008
000c
0007
0019
0012
0004
0000
0002
0005
0009
0008
0007
0008
0004
0006
0007
0001
0018
001e
0008
0008
000a
004d
0037
000e
002f
0019
0014
0085
0041
0005
0029
0000
003e
0028
0003
0014
0005
000b
0005
0005
0008
0032
0046
0023
001d
0020
0045
005d
0015
0000
0002
0017
0011
0002
0016
0012
0026
0010
0005
0020
0020
001e
0055
003b
0012
0013
0002
0015
0015
0002
0000
0003
0018
000c
0005
000c
0004
0016
000d
000f
0012
0018
0003
0006
0005
0001
0002
0007
0000
000f
000d
0004
0022
0015
0002
0022
001d
0011
0024
0023
0037
0044
0018
000b
0020
002c
002b
001e
0017
0038
0030
001d
0028
0004
001c
0036
000f
0001
0010
0025
0023
000d
0006
0001
0004
0007
0003
0005
0028
0042
0017
0000
0000
0006
0004
0014
0020
0010
0000
0006
0003
0001
0002
0023
002f
0001
000a
0000
0018
000c
0006
0010
0002
0003
0002
0000
0005
000a
0005
0000
0004
0004
0001
0002
0006
0006
0000
0006
0002
0000
0000
0002
0002
0003
0000
0004
0003
0000
0001
0000
0001
0002
0006
0004
0000
0000
0001
0002
0001
000b
000e
0003
0002
0002
0003
0003
0001
0002
0001
0000
0000
0000
0000
0000
0000
0000
0000
0000
0000
0003
0000
0001
0002
0000
0001
0001
0000
0000
0000
0001
0001
0002
0002
0001
0000
0000
0000
0000
0000
0000
0000
0001
0002
0001
0000
0000
0000
0000
0000
0000
0001
0001
0002
0003
0002
0000
0000
0000
0002
0003
0001
0001
0000
0000
0000
0001
0000
0000
0000
0000
0000
0000
0000
0000
0000
0000
0000
0000
0000
0000
0002
0000
0000
0000
0000
0000
0000
0000
0000
0000
0000
0000
0000
0000
0000
0000
0000
0000
0000
0000
0000
0000
0000
0000
0000
0000
0000
0000
0000
0000
0000
0000
0000
0000
0000
0000
0000
0000
0000
0000
0000
0000
0001
0000
0000
0000
0000
0000
0000
0000
0001
0001
0000
0000
0000
0000
0000
0000
0000
0000
0000
0000
0000
0001
0002
0002
0000
0000
0000
0000
0000
0000
0000
0000
0000
0001
0001
0000
0000
0000
0000
0000
0000
0000
0001
0001
0000
0000
0000
0000
0000
0000
0000
0000
0000
0000
0001
0000
0001
0001
0000
0000
0001
0003
0000
0000
0000
0000
0000
0000
0000
0000
0000
0001
0001
0000
0000
0000
0000
0000
0000
0001
0001
0000
0001
0002
0000
0000
0000
0000
0000
0000
0000
0000
0000
0000
0000
0000
0000
0000
0000
0000
0000
0000
0000
0000
0000
0000
0000
0000
0001
0000
0000
0000
0000
0000
0002
0002
0001
0001
0000
0000
0000
0000
0000
0000
0000
0000
0000
0000
0000
0000
0000
0000
0000
0000
0000
0000
0000
0000
0000
0000
0000
0000
0000
0000
0000
0000
0000
0000
0000
0000
0000
0001
0001
0000
0000
0000
0000
0000
0001
0000
0001
0000
0001
0002
0000
0002
0002
0001
0000
0000
0001
0001
0000
0000
0000
0000
0000
0000
0000
0000
0000
0000
0000
0000
0001
0001
0001
0001
0000
0000
0000
0000
0000
0000
0000
0000
0000
0003
0003
0005
0003
0001
0000
0000
0003
0006
0003
000d
0012
000a
0004
0018
0016
0002
0003
001a
002b
001e
0002
0005
0004
000d
000a
0000
0002
0003
0007
0000
0005
000d
000c
0017
001d
0005
0001
000f
001f
000f
0008
003d
0038
0001
001e
001f
0002
0017
0032
0013
0002
000f
0048
0036
003a
00c0
0076
000f
0007
001f
0038
001f
0006
0025
0032
005a
007a
0030
0006
003a
0032
0019
0046
001d
006f
009d
0010
005f
00a9
001b
001a
0021
004f
00e0
0078
000d
0002
000d
0045
0068
0017
000d
001f
0019
0004
0073
00f1
00a4
0077
006a
0026
0008
0044
0045
001b
0003
002b
002a
000f
0015
0001
0027
0028
0045
0031
0005
0012
0056
0031
0005
0048
002e
000e
0068
0052
001e
003b
0027
0030
001e
001e
0077
0024
001b
0005
0061
0101
00db
0046
0004
003c
0054
001f
0005
0011
0008
005a
012c
0089
0017
0052
0058
0062
006a
0035
001d
0014
011c
00b6
0018
010b
0086
0041
0048
004f
00be
0107
009e
0063
0074
0058
000a
007c
010f
00ad
000c
0073
0109
00ef
0046
0015
0033
00bc
0100
0069
0016
0009
0018
000c
001b
00f1
0162
006f
0025
0131
00bf
0009
0045
00cf
00d5
0034
0025
01ab
0290
0231
017d
0014
00fe
01f2
00a5
0012
000f
0085
00de
00e0
014f
01be
013c
001b
01ac
01a5
0039
0114
027d
01be
0038
0021
0027
0028
000f
0017
0013
0079
003b
0001
000f
0009
000c
0065
00c8
008b
007e
009a
006e
0005
0091
002d
00b0
0120
00d1
00a2
001b
000a
0033
0011
0012
000f
001e
003c
0007
0015
0002
0027
011e
0139
0058
0148
00cb
0017
0015
0045
0005
0072
00a5
0006
0018
001e
000c
00b3
010e
00ac
00a8
003f
0004
004d
0057
006e
0000
0103
016c
0031
0060
001d
0010
004e
00c4
0135
00d0
0043
0072
0055
0063
0154
01c0
011a
010f
0284
0321
011d
0006
00b9
012f
00d1
0084
0027
0041
0046
000f
011c
00ec
003e
0062
00d4
0054
0043
00d3
0067
0087
002f
0018
0024
0054
00cc
0082
0017
000e
0050
0035
0039
0004
0078
00ad
0052
0020
007d
00e6
00e0
009d
001e
0009
0010
001f
0058
003d
0023
005d
0052
0033
0001
0086
00db
00aa
0098
0061
0032
0081
00a6
0067
0065
0042
0000
001e
0008
0002
0017
0048
0008
0000
000f
002c
0008
0025
0017
0024
0025
0051
001b
001f
000e
0057
0076
00a0
0118
008b
000e
0034
0054
0044
0010
001f
0001
001e
0015
0016
003f
000d
001d
0016
0096
004c
0016
003a
0007
004d
0077
0050
002c
0024
0023
0024
001a
0004
003d
00ad
009c
0038
0021
0048
006c
00b5
0031
001a
0081
0061
0025
001b
0066
007a
0025
0005
0038
0053
0099
0092
0008
0029
0022
0004
0004
0017
0002
0032
0087
003e
0012
0000
0008
0007
0001
000f
003f
002a
0006
000c
0014
0006
0008
001b
001c
0009
0007
0006
0001
0016
000f
0002
0029
0037
0009
0017
0026
0001
0016
001f
0002
0004
000f
001d
000e
0000
0015
0044
0029
0000
000a
000e
0004
0001
0001
000a
0004
0014
0022
000b
0035
0024
0003
0012
0005
0008
002d
000e
0007
000e
0002
0026
0018
0004
0007
0000
000c
0009
0009
000f
0004
0004
0001
0001
0002
0001
0001
0002
0001
0001
0000
0001
0001
0000
0000
0000
0001
0001
0000
0000
0001
0000
0000
0001
0000
0000
0000
0000
0000
0000
0000
0000
0000
0001
0000
0000
0001
0001
0003
0002
0001
0007
000a
0002
0004
0029
003f
0012
0005
002b
0021
0008
0006
0007
0020
0019
0017
001e
0002
000e
0016
0003
000a
0011
0017
0012
0000
0015
0026
001c
0028
002f
0013
0002
000c
0034
0018
001b
003a
0011
000a
0015
0002
0009
0008
0017
002b
000d
0041
006d
0030
000a
0020
001b
000e
002d
0037
000b
0029
0048
0037
001d
0007
0002
0030
005c
0030
0007
0001
0001
0009
001b
0015
0003
000e
0012
0009
000b
0010
0011
0037
001c
000c
003a
001b
0013
005b
002b
0020
0055
0003
0074
0088
0032
006a
003b
0008
0032
0035
0012
0013
0046
004e
0016
0030
0084
009a
0064
0027
0017
001b
0024
0024
0010
0046
0061
0018
0004
0017
001e
004e
0070
0035
0005
000a
0023
002e
0032
0008
0015
002e
0007
0003
0009
001e
0019
000a
0009
0007
000c
000a
000d
001c
003b
0072
0049
0014
000a
0007
000e
001e
001e
0015
0030
0049
0034
0005
0019
0041
0039
002f
002f
0026
0017
000f
001e
0042
0042
0029
0045
0040
0014
001b
000e
000d
0000
0024
0042
0024
0018
0018
0001
0023
001e
0008
002c
0008
0007
0009
0005
0003
0004
000a
0006
0002
0004
0007
0001
000c
0004
0015
0013
000e
000d
0008
0001
0008
0007
0011
0024
0002
0011
0016
001a
0007
0001
0001
0000
000b
0024
0017
0002
0005
0007
0005
0010
0005
0002
0003
0001
0000
0007
0008
0000
0000
0001
0004
0003
0001
0001
0000
0000
0005
0008
0000
0006
0001
000b
0000
0006
0005
001b
0000
0023
0000
001c
0000
0030
0002
0057
01ab
149d
28b6
14ed
0045
06d2
0946
024f
0107
009f
0002
000a
0042
009e
0025
0025
000c
0010
0013
0013
0015
0033
0009
0008
0011
0014
0012
0034
0025
0003
0014
0038
002d
000d
000d
0000
000f
000e
0004
0026
004c
0030
0009
0017
0022
005f
0079
0030
0000
0013
000b
0007
001f
0015
0013
002a
0008
002f
0012
000b
0010
003d
0046
0006
0011
000f
0004
001b
0027
0027
0075
0070
0042
003f
0024
0007
0085
0098
0080
009b
0037
002b
00b5
0092
0039
0055
0007
005a
0081
000d
0061
005f
0000
004e
0043
0006
005f
0025
007b
0087
0043
0160
0167
0072
0042
00cb
00be
0051
0010
0002
000a
0038
0017
005c
00f2
00c6
0048
0046
00cb
00e0
0029
003d
00ae
0075
0058
0049
002b
0007
005d
011a
0179
0109
0064
001a
0050
00c2
00dc
004c
0003
006b
0127
015f
00a0
0009
0050
0055
0054
0067
0008
002e
003b
0004
005c
00bd
00b6
005e
0026
001e
0020
0035
0065
0077
0113
0185
009c
006d
00cf
0080
00b2
006d
0021
0010
0025
00d7
007d
00ad
00cb
0022
00b2
00f3
00d4
0120
0021
00d3
01bd
0065
005f
005f
0006
001c
0011
000c
0022
004b
005a
0015
000e
0057
0091
0061
0004
0050
00bc
003c
0059
01ca
014d
0020
0034
0084
003e
001b
007d
008e
0090
00bb
0046
0041
0135
0144
007e
0014
0015
005f
00a0
0086
007e
0112
00f4
0024
008d
0177
0153
0084
00dd
00f6
0070
015c
012e
0040
001a
0039
0043
0048
0067
009d
0071
007b
00a0
0038
0019
0033
003d
0010
0011
0017
0000
0003
001b
0043
000d
00ea
013f
0059
0038
0094
0057
0010
0039
0111
0150
002f
00e6
0192
0052
002e
00c0
0061
0018
0037
00c7
00cb
0021
002d
00b8
00ba
003e
0026
001f
0040
0076
0011
0013
0023
005a
0080
0031
0006
001f
0075
0082
001c
0044
00a5
00ae
0065
000b
0019
00b0
0115
00af
0049
0036
0020
007a
00c6
0041
000f
0010
0002
0008
0027
002e
0036
0018
003f
0006
0080
0163
00e2
0035
002e
0004
0016
0024
0050
006d
006a
009d
004f
0000
005c
006d
002f
000b
000e
006a
00dc
01c3
01e1
00bb
003e
01fe
02aa
014b
0043
010b
01b3
010c
00e5
0162
00d4
0002
006a
00d7
0092
00a7
00bf
0036
008a
00cb
0087
0045
0004
008d
0117
0079
004e
0039
0019
00d4
0074
0011
0072
004c
009e
00e5
0060
0076
0100
00f6
0066
0022
0076
00d3
009f
0059
0088
0036
000a
004f
000f
0019
0047
002d
009e
0177
00d2
0001
004a
006d
0076
0011
0030
0049
0002
005a
006c
00c4
00f0
0067
001d
0006
000b
004d
0075
0086
0050
001a
0028
00ab
00a8
003a
0023
003a
0025
0023
0001
0037
0076
0039
0042
004f
0049
0067
0051
0044
00a8
00d4
00d8
0094
00ab
00f2
0079
001d
004f
00b0
0085
0019
00bf
011f
0089
0067
007d
004d
0017
000c
001e
0027
002e
0040
0038
001f
0022
00c0
006e
0007
0012
0009
002f
0006
0023
005a
0013
000d
0021
000b
0055
0054
0027
00ef
0249
0232
00ca
0007
000e
000b
0008
0010
0050
00ac
007f
000f
009d
012a
00c7
0021
000f
0078
00a3
0046
000e
00a5
007f
0002
002e
004f
0030
002f
00be
00a2
001d
000a
000f
0011
0007
0007
0027
0017
004d
00d6
008e
001d
0055
0125
014b
00c1
0046
0010
0020
0051
0036
002b
00c3
00bd
000f
0094
0087
000c
002e
0010
0069
004a
0050
0074
0007
0024
000d
0062
00b9
0053
002c
0099
00b7
006d
000f
0018
004b
001d
0023
011e
0185
0109
00a7
003a
0016
00b7
0066
0007
0008
0018
004f
0015
0017
0029
0031
0053
0070
0075
00ab
004e
001e
006c
0088
0043
0005
0052
0060
0036
0001
0034
00a8
00e4
0072
005b
003a
0003
0043
0036
0131
01f1
00da
0008
0077
0117
00ca
002a
000b
002f
0037
0036
002c
0028
0015
0006
0027
005b
005c
000b
0035
00de
00cf
0050
0035
000c
0022
007a
0036
0002
0000
000e
0045
0064
002b
000b
0024
0056
0013
0049
0138
00de
000b
0057
00ae
007c
0090
00ea
00cc
0066
0025
0046
002c
0006
007e
00e5
008b
0013
000c
002a
0047
004a
002c
0001
002a
009a
00cf
0079
005f
00a7
0063
0028
0022
0032
0066
0032
0095
0212
029f
0279
022f
0091
0025
00d7
0073
0024
0072
0064
002b
0049
008d
0097
001c
001f
0031
0004
0034
006f
0059
002a
0007
0023
0046
0028
0027
0012
0027
004e
0049
004c
005f
004d
0029
008f
0072
0000
003b
0059
003d
0006
004a
00cd
002e
0023
007a
0030
0040
0018
0037
00c8
008b
005a
0082
009f
007f
0016
0047
0076
0082
009c
0057
0023
007d
00b1
0070
0036
0027
00c2
0132
00c6
0021
000a
003a
0048
004e
0042
0035
005c
0062
00a1
0087
0037
0044
0064
0052
0039
0048
0079
008d
0019
0016
0073
00af
007c
0014
0021
003a
001a
003a
00d3
0086
0011
006d
004b
001b
0059
0075
001c
0017
009c
00a7
0090
002f
005f
0172
0082
0041
00aa
0032
0010
0005
0005
005e
0073
000c
001b
001b
0004
0004
0022
004c
003d
003a
0046
0025
0015
0010
000a
004f
00c9
0075
000a
0049
0052
001a
0061
0091
0040
0003
007c
00a1
005a
0051
0046
0027
0004
004f
007f
0064
0042
0006
0035
00bd
013b
01c9
011b
0053
0041
000c
001b
0097
00a4
0026
0005
0001
001e
0015
004a
01cd
0224
00ab
000f
00e2
0125
0070
0006
0072
00b6
0045
0001
0006
000b
0057
0096
00a0
006d
0002
0051
0077
0039
0036
000a
005b
00d7
0088
0079
0113
00f8
007c
0087
00b0
00a9
007d
003a
0010
0006
001d
0032
0011
0019
0040
0027
000a
0008
006f
00fb
00e9
0066
000f
0016
0049
0040
0039
007d
005f
0033
005b
0053
0015
000c
0024
001c
0004
0000
000a
0021
000d
000f
0015
000c
002c
0022
0003
0008
0013
000a
0005
000d
0007
001d
00a9
0088
0003
002a
0029
0008
0003
0026
0039
000f
0002
0004
0012
0025
0015
0002
0002
0009
0002
001f
005d
0037
003d
003e
0006
0028
0001
003c
005b
0003
0044
00a0
003a
0052
004c
0003
0021
0017
000b
000b
001b
000d
0004
0018
0018
000f
0005
000e
0020
0010
0000
0020
0072
0053
0038
003e
0028
000e
0008
0005
000b
002a
0047
0023
0028
002b
000c
0009
0014
0009
0000
0008
001d
0024
000a
0010
0012
0000
0003
0000
0000
000c
002c
0018
0003
0003
0004
0019
001d
000c
0009
000c
0001
0003
000f
0024
0002
000f
0007
0010
0019
0002
0000
0001
0009
0015
0013
000f
0006
0001
0005
0002
0008
0006
0004
0000
000b
0013
0004
0001
0008
0002
0004
0006
0002
0000
0006
0006
0002
0002
0001
0001
0000
0000
0001
0002
0000
0000
0000
0000
0000
0001
0000
0000
0001
0001
0000
0000
0001
0001
0000
0000
0000
0000
0000
0003
0001
0000
0000
0000
0000
0000
0001
0000
0000
0000
0000
0000
0000
0000
0000
0000
0000
0000
0000
0000
0000
0000
0000
0000
0000
0000
0000
0000
0002
0003
0001
0000
0000
0000
0000
0000
0000
0000
0000
0000
0000
0000
0000
0000
0001
0000
0001
0002
0000
0001
0000
0000
0000
0000
0000
0001
0001
0001
0001
0001
0001
0002
0002
0000
0000
0000
0000
0002
0001
0000
0000
0000
0001
0000
0000
0000
0000
0000
0000
0000
0000
0000
0000
0000
0000
0000
0000
0000
0000
0000
0001
0000
0000
